5

50
0 7586 70 81
1 31451 20592 -1 0 82 34 95 80 77
3 1616 1504 0 82 8 65 29 33
3 13510 6550 0 71 -1 92 85 34
3 31173 10576 0 51 78 20 44 95
1 28511 24308 0 18 89 73 34 88 55
3 10423 5968 18 8 47 10 73 79
3 25392 8752 0 86 -12 38 20 83
1 28256 10905 0 12 45 67 17 79 86
1 4461 3098 0 8 -15 1 34 31 66
5 475 44 92 61
3 26123 5738 0 -8 57 23 21 54
1 27595 13705 0 10 49 2 29 14 89
2 7951 7454 12
1 16344 14938 18 20 -5 57 13 55 81
1 755 547 8 16 1 19 13 25 96
1 2482 632 0 6 86 72 89 34 126
3 1013 982 0 25 -1 52 88 113
1 5968 910 8 13 12 27 24 32 64
3 24409 9511 0 64 68 47 95 53
3 5205 134 8 0 21 12 30 49
2 8167 3347 16
1 18701 1449 10 14 10 5 33 18 102
1 11368 4648 -1 2 148 97 62 86 52
1 17693 15397 -1 4 111 53 157 120 40
1 21788 14617 2 5 0 6 33 59 113
1 28533 27104 4 7 -7 46 65 32 90
3 30557 15551 20 12 4 5 34 123
5 29332 15687 136 23
3 26949 21230 0 50 14 92 72 41
1 31112 27977 -1 1 55 31 151 120 114
1 32183 29154 0 9 51 -10 102 77 88
2 23857 2739 20
5 19491 11940 125 4
3 6487 1816 18 31 -8 21 71 106
3 22669 4727 0 41 -9 105 39 35
2 7728 1137 6
3 29427 9684 0 6 25 56 79 62
1 11409 3918 8 19 -5 25 19 16 107
3 5546 129 18 22 28 18 54 62
1 21314 1947 -1 3 123 3 38 114 89
2 22502 14665 2
1 8851 4421 0 15 77 47 27 58 97
1 25129 8164 10 11 10 2 26 11 115
2 2112 1347 18
2 23651 18807 3
2 28150 5685 11
3 11193 5547 0 67 13 35 41 90
2 17714 8053 1
1 19794 17719 0 17 69 21 20 70 77

10
0 9823 914 42
1 453 389 -1 0 10 10 100 100 65
1 1489 1253 0 1 -5 -5 35 35 111
1 9831 5989 0 2 7 25 93 68 100
1 21765 12145 1 3 20 12 15 23 120
1 13 6 -1 4 50 50 130 100 66
4 3182 964 2
5 15902 14820 150 70
1 31002 27778 2 5 15 38 78 30 122
5 489 187 15 15

20
0 18959 7953 33
1 8366 7662 -1 0 153 34 32 18 45
3 13008 1640 0 -5 0 16 16 80
1 12761 4832 0 5 -3 2 15 25 110
1 19358 2766 0 10 4 4 17 20 79
1 2325 1515 -1 1 38 71 132 35 96
3 6478 3670 5 11 18 10 6 41
1 14461 14008 5 7 11 15 20 20 34
3 22429 13430 0 29 -3 19 9 124
1 28705 17624 0 12 -5 -1 32 14 62
1 12836 603 1 3 66 22 95 10 104
1 32357 5863 5 14 2 -2 20 25 105
1 6073 5411 1 4 80 16 113 17 90
1 29351 23685 0 6 29 5 24 24 111
1 18824 4767 -1 2 64 54 124 22 76
1 14486 9258 0 13 4 4 36 26 81
1 20557 7536 1 8 114 -5 65 39 40
1 23217 429 5 11 -3 12 23 18 53
1 1627 1567 0 9 -1 14 16 13 102
2 9358 8204 11

50
0 4748 4196 43
1 19927 14812 -1 0 74 32 22 40 118
1 25679 18514 0 10 14 -6 18 22 118
3 6451 421 0 3 -7 13 23 76
4 5717 3790 0
1 10574 3366 10 16 -2 -1 24 17 78
3 31562 26104 0 -3 33 8 38 40
1 1182 260 10 19 6 -3 21 17 91
1 4288 2562 0 23 3 -1 24 46 107
1 2700 972 0 18 -2 -8 28 18 82
1 18111 7404 0 5 0 -6 21 48 58
1 18644 4095 0 7 18 15 26 19 104
4 17466 4707 0
1 7173 3834 10 20 0 20 15 14 78
3 2530 585 0 19 -8 16 29 102
1 26891 14074 0 6 5 33 12 24 113
3 16672 14095 16 9 9 12 14 47
3 23166 13719 19 2 15 20 5 103
3 16949 245 16 18 8 26 16 92
1 31021 20954 0 27 4 13 15 25 98
1 23695 5501 10 17 4 0 22 14 100
2 15530 4621 18
1 14789 1009 19 26 17 14 25 19 57
1 30110 17884 -1 2 157 103 29 45 86
3 17985 15669 19 15 15 12 6 115
1 3685 2359 7 8 16 17 32 27 103
3 9169 8247 10 11 2 4 6 77
1 15200 2521 -1 1 117 90 72 94 98
1 11786 7229 -1 4 51 98 23 30 60
1 14487 11155 19 24 0 -2 23 19 81
4 19200 16723 16
1 12421 6748 10 14 2 11 17 23 119
3 20711 6328 0 15 13 7 13 69
5 3581 101 51 67
1 8388 7255 16 25 8 0 11 10 49
1 13445 7112 0 11 10 33 21 19 52
1 23187 7337 16 28 18 12 33 23 39
1 14508 6305 10 22 7 -2 22 31 115
4 4361 1563 0
1 17828 16529 0 12 -4 16 29 21 67
1 28075 27345 5 9 6 19 24 14 55
1 26432 19246 0 13 12 -2 11 49 47
1 7153 4060 -1 3 110 102 28 16 120
1 30272 25790 10 15 3 -4 14 25 92
3 10269 9740 10 7 17 16 9 59
3 12678 8456 20 7 6 15 11 51
1 543 533 10 21 2 21 22 26 113
1 17538 4436 7 29 3 13 28 18 111
3 30039 2741 19 9 12 21 13 112
2 13094 4276 17

500
0 9038 6468 54
1 27712 19136 -1 0 6 37 142 82 38
3 31242 14410 0 69 9 53 87 48
3 71 67 0 90 15 75 16 44
3 6216 5346 0 104 47 51 32 93
3 3576 3186 0 84 40 33 40 41
1 7091 4270 0 110 122 62 129 76 59
3 9987 1742 0 35 18 33 81 61
1 30058 26790 0 244 110 53 132 24 105
3 10291 710 110 51 22 56 40 99
3 1550 735 0 6 60 124 91 103
3 17663 5516 110 80 17 135 49 113
3 28168 26069 244 -1 13 109 24 123
3 17962 683 0 131 -10 102 82 90
4 19851 18744 0
1 23100 16593 0 33 55 -1 54 82 119
5 11425 8743 55 106
3 14926 8289 0 28 67 59 16 123
3 20816 16661 110 -19 75 105 62 80
1 735 483 -1 8 41 68 122 72 63
1 11681 7806 0 56 -14 80 11 35 114
3 26679 25392 244 26 6 66 14 83
1 3061 16 0 26 26 56 149 23 103
1 3058 368 -1 3 128 81 122 17 39
1 21771 16641 33 101 32 20 35 90 57
1 25539 21249 110 216 55 15 36 22 103
1 27143 3355 0 238 123 62 59 60 71
1 11943 3866 -1 16 152 112 86 120 122
1 20082 8533 8 148 60 13 72 60 98
3 2622 265 0 17 -3 141 57 116
1 9942 9079 110 125 12 71 16 63 99
1 16578 1771 110 171 -2 -3 14 47 120
1 7480 7141 8 275 75 22 78 41 93
1 12949 6880 8 89 39 16 30 52 85
4 13814 1170 110
1 22105 6278 0 87 40 58 120 76 44
1 22219 16647 33 218 -6 1 10 37 89
4 19729 18175 0
1 28189 11501 33 295 -7 -12 43 22 61
1 32589 19624 110 292 44 38 70 45 40
1 12022 2355 110 172 116 73 88 32 85
1 30143 6427 0 55 98 62 93 15 93
1 25032 18871 33 175 19 21 44 40 74
1 22391 12671 110 196 24 63 66 12 46
1 6203 3972 0 95 -9 73 126 56 39
3 17129 13678 0 29 80 92 56 35
3 22726 14236 33 0 -8 41 38 49
1 8957 7375 110 111 -6 -15 40 73 75
1 29671 1401 0 251 135 -4 124 75 85
1 3209 2087 26 30 2 8 90 20 70
1 2993 2048 33 150 11 -13 20 16 90
5 12675 7638 158 8
3 5611 390 110 59 20 143 53 85
1 7509 4734 110 163 9 27 47 25 81
2 13392 10111 150
1 4588 563 33 164 47 26 14 46 34
3 26843 21815 0 -3 -3 66 38 111
1 30027 25754 33 155 48 -12 49 75 115
1 6430 4722 33 160 9 53 37 80 126
1 25953 18626 0 176 72 66 41 38 60
3 20761 8340 110 -14 -2 93 86 111
1 4820 3008 33 97 35 69 60 66 122
1 24315 20629 33 34 44 -14 10 90 79
1 28305 19922 0 75 141 61 30 73 91
1 17055 8357 110 285 97 75 54 40 84
1 24886 16839 0 122 -18 78 57 73 62
1 2969 180 110 272 75 68 41 15 99
3 13993 11155 110 69 2 146 63 55
1 2890 2540 0 85 42 41 59 21 112
1 27585 24795 0 20 5 29 106 12 50
1 20871 8504 33 35 17 10 29 34 45
1 15011 13201 0 73 68 2 24 35 120
1 24630 20325 33 271 27 75 18 72 115
5 31805 24815 83 44
1 5008 1963 110 283 -1 26 116 85 43
1 11831 7515 3 21 27 9 99 18 114
3 24271 19517 244 79 21 106 19 77
3 31386 14865 3 78 -1 67 9 85
1 12062 5263 0 81 7 11 29 78 82
1 27465 18958 0 229 94 44 24 55 39
1 4672 681 0 79 -6 43 30 24 55
1 14690 2733 56 99 2 -6 16 31 122
3 9372 5909 33 51 61 62 39 81
1 27675 27518 244 296 127 20 45 25 106
4 11459 8513 33
1 24093 18445 0 254 85 76 40 10 80
3 14348 14 26 13 -4 42 15 105
1 4299 3864 0 258 114 6 33 67 71
1 24830 33 56 124 3 8 16 28 63
1 12031 865 8 42 60 -5 123 69 70
1 16228 6179 0 91 128 81 117 34 88
1 15465 1987 0 210 8 -5 134 76 37
1 8809 3787 0 177 15 68 78 79 83
5 25137 16281 81 81
1 16374 11565 8 278 48 -14 39 66 37
1 13871 13146 8 59 107 35 116 63 53
1 10248 9935 0 142 -27 64 18 75 44
1 18524 16303 33 41 41 0 17 70 48
1 27512 7095 110 207 90 64 47 85 88
1 1231 788 8 178 10 30 28 21 42
1 17399 8564 0 162 -20 10 89 30 122
1 27493 24821 0 29 46 33 51 52 74
3 29472 2626 110 5 17 125 47 103
1 28035 18333 0 231 53 72 95 15 58
1 14914 6269 110 127 106 -14 116 64 49
3 31358 10845 110 84 51 123 23 61
1 26951 7791 33 137 39 10 51 68 83
2 25438 17461 21
1 4210 33 33 188 1 62 36 83 91
1 32030 4018 0 193 96 8 131 40 118
1 18840 4098 56 68 -2 30 20 18 86
1 8732 6738 8 299 83 28 103 22 85
1 15972 12582 56 100 0 5 12 24 33
1 6403 599 8 65 50 -11 59 63 43
3 22516 4190 110 104 35 42 27 108
3 32133 2282 244 10 1 151 25 72
1 16424 204 0 253 84 43 16 19 105
1 15981 3239 26 54 36 11 105 30 61
1 30323 24134 33 102 17 -14 17 16 43
1 8909 5895 26 63 99 -4 89 32 36
1 6570 3410 33 145 4 11 20 62 109
1 5573 5257 8 242 77 7 17 71 72
4 16914 9336 8
1 21315 16590 16 50 12 84 36 41 106
3 13720 2870 0 58 43 147 57 89
1 20882 19956 33 88 27 -12 24 62 53
3 15989 12862 0 -15 -8 136 96 95
1 24186 2737 33 267 46 26 27 32 116
3 18167 13015 110 39 33 145 21 35
1 4617 2383 110 158 15 -7 14 12 108
1 8761 3019 0 80 102 69 39 65 114
1 24444 14281 33 107 5 67 15 35 67
1 18477 9749 0 288 123 15 126 54 53
3 11995 4772 0 55 77 34 80 48
1 13377 1724 33 98 19 69 47 68 67
1 24736 23700 0 248 56 12 50 44 69
2 11199 2188 42
1 26907 5374 33 224 46 49 12 11 41
1 26255 22827 8 93 45 23 111 68 76
1 22673 6215 33 234 23 25 40 62 37
3 25249 18605 244 88 11 39 19 55
1 13703 10990 110 169 -13 43 86 22 123
1 7645 7357 26 263 97 2 52 10 85
1 24217 19707 33 221 31 37 11 34 91
1 1955 862 56 60 4 12 11 24 102
1 379 323 110 198 14 64 116 55 117
1 20735 18031 8 140 -7 13 70 42 66
1 6011 3130 56 57 8 6 15 12 61
1 8287 6633 33 236 9 75 54 66 124
2 15964 12168 221
1 4440 2636 33 226 44 26 18 85 96
1 19638 4202 0 152 121 50 93 26 56
1 3099 1796 110 228 18 21 38 78 48
1 3620 1380 0 84 48 -15 67 82 70
1 18769 4286 0 112 66 67 33 19 60
3 3615 3095 8 -8 38 104 16 119
1 13427 12090 0 269 2 23 84 75 111
1 17461 2208 8 64 95 3 62 40 105
3 7811 5052 33 4 0 24 69 33
3 3708 3330 110 53 49 98 82 104
1 9291 7680 110 113 51 -7 117 56 36
1 22051 19055 0 78 103 61 34 10 80
1 12598 3582 148 201 17 23 75 63 115
1 538 336 110 252 108 -8 81 27 74
1 3403 1823 8 294 32 19 104 22 116
1 17805 10086 0 168 121 61 71 65 48
1 21750 20736 0 32 95 65 61 72 116
1 27933 14835 -1 9 128 3 140 70 110
5 17583 13229 54 43
3 31778 6799 244 -3 6 145 5 69
1 6071 5097 33 144 -4 34 27 35 53
1 2576 1249 -1 4 35 74 137 83 84
1 18376 16833 110 170 32 12 51 27 51
1 20617 18624 0 232 69 53 54 52 121
3 12281 821 0 69 76 160 82 86
3 7585 6665 244 12 5 61 8 83
3 388 377 3 48 -1 48 18 126
1 23846 21367 3 159 65 9 24 15 56
3 29468 20797 110 109 33 143 63 112
3 9371 5563 0 104 35 98 37 114
1 2172 1093 0 257 101 54 56 53 65
1 13856 13361 110 129 -6 27 118 70 95
5 9163 2607 50 26
1 14523 13273 26 53 34 18 61 10 103
3 2809 1187 110 58 75 129 75 125
1 3382 1765 33 36 45 51 24 85 99
1 30029 22215 33 167 13 79 37 78 34
1 14832 10801 0 291 121 72 63 53 51
2 22848 15697 178
1 18394 15357 26 192 29 20 59 16 53
2 6621 835 176
5 14 3 58 13
1 9725 6565 33 131 25 7 42 74 73
1 5345 340 8 287 12 -5 71 31 72
1 11754 7399 0 52 120 43 121 20 75
1 5095 866 -1 12 109 1 135 61 67
1 26648 2586 8 241 94 25 89 78 71
3 19640 14866 110 106 44 136 69 67
1 4354 928 26 243 64 11 146 31 66
3 11469 194 56 -1 -5 5 33 101
1 28376 21050 8 280 74 16 50 59 43
2 10252 2006 122
3 14297 9748 244 63 9 145 10 78
2 25307 236 32
1 8681 953 55 92 39 0 40 12 53
3 18704 9130 244 81 23 58 27 97
3 23153 9403 8 57 69 61 48 65
4 3824 1231 110
1 12666 10911 56 245 8 1 17 39 81
3 24650 2531 238 29 -6 18 45 80
2 467 5 107
3 31306 28143 3 52 6 33 3 124
1 652 279 0 139 46 66 72 12 108
1 26681 12966 33 270 36 21 41 32 65
1 23654 19927 33 49 -1 0 35 18 38
1 9265 6345 -1 2 36 54 157 64 81
3 25607 8428 33 8 29 35 37 126
3 9321 6986 0 102 61 142 32 72
2 6320 1460 78
2 18289 15878 89
3 30419 12727 110 35 60 144 26 60
1 16634 6352 0 70 21 22 50 55 100
1 12153 2822 26 276 134 5 18 12 59
4 647 642 56
1 13234 4946 8 165 -19 33 93 36 107
1 20319 17101 8 298 37 34 51 14 66
1 9277 2798 -1 11 3 14 21 29 49
1 19876 16191 -1 18 152 46 90 60 101
1 14933 13591 8 141 23 5 113 63 86
1 22211 18754 110 214 -12 10 137 34 89
1 17003 10627 8 76 62 55 63 61 86
1 17228 8055 56 156 8 11 18 27 74
1 8458 1367 8 114 51 13 36 74 39
1 8925 7491 216 255 -2 16 11 17 39
1 22448 19947 0 265 128 48 147 46 54
2 10244 8994 232
4 20881 3067 110
3 4223 3345 244 86 18 67 23 63
1 10276 5874 26 184 -5 22 31 31 111
2 28110 23898 50
1 26731 15413 8 23 -10 21 68 60 74
1 10807 5059 244 274 66 10 39 33 53
3 21151 5048 110 62 72 90 29 125
3 6915 5808 244 43 11 121 15 100
1 32018 12790 8 109 79 52 23 17 64
1 21775 2278 0 262 54 80 39 73 68
3 13708 2514 0 121 -14 121 75 106
1 16174 22 -1 19 96 103 115 98 84
1 9509 4626 110 261 88 -15 132 17 92
2 13451 8420 254
2 14567 7068 265
1 28886 19716 110 220 -5 10 19 32 41
1 9203 3656 0 31 119 6 19 29 80
1 15372 2926 0 83 -18 62 141 14 55
3 22755 21712 0 9 66 123 89 41
1 30946 9006 110 126 83 -13 130 28 118
4 14845 2531 0
2 18772 4906 159
3 29958 4780 244 29 12 39 10 65
3 26120 2326 101 33 14 34 95 100
1 24437 19897 110 273 8 58 66 11 107
1 100 68 0 48 25 -12 128 20 56
1 32079 14959 0 206 16 27 34 29 117
1 8917 5501 -1 7 125 88 152 43 70
1 27420 24884 56 149 4 -2 19 22 75
2 32429 28857 19
1 31228 3098 0 103 79 17 151 51 114
1 13435 12871 0 208 27 37 120 28 121
1 21606 6111 0 289 38 64 34 12 37
2 18526 5559 218
2 27517 20791 35
1 22142 12816 0 66 87 12 125 68 115
1 25613 22505 33 119 7 34 55 58 64
2 11417 9352 102
5 10364 7675 13 80
1 32333 19020 -1 13 88 32 14 120 39
3 16701 2179 8 38 62 106 68 33
1 15978 4783 8 77 -23 47 60 40 102
1 19703 10281 0 249 30 31 119 11 86
3 15041 3609 110 90 59 131 16 112
2 7048 2077 66
3 3701 2111 244 87 -3 72 11 126
1 21162 14931 33 240 -10 13 37 85 92
1 15719 13242 16 94 28 41 79 107 97
1 5301 1431 110 230 125 10 15 83 103
2 31336 2317 113
2 12268 2925 112
3 7991 4741 8 104 62 42 28 93
1 11521 397 33 279 41 -2 31 84 111
5 18824 13731 148 54
1 23457 22744 244 246 90 11 81 18 74
1 7965 3108 -1 15 103 92 71 30 59
1 23755 19053 8 217 107 -3 12 65 76
1 29008 9712 8 27 -7 66 97 47 66
3 22855 1788 33 50 81 42 60 57
2 8570 1888 261
3 12074 8726 0 137 9 138 31 84
2 26618 15570 85
2 20033 10844 88
1 16833 9615 8 130 51 12 119 72 68
3 24180 19008 0 61 9 83 85 81
3 29296 25472 0 54 -11 110 93 88
1 14813 10292 33 82 35 52 19 10 38
1 19442 12148 110 213 -15 27 131 25 70
1 14776 13696 8 22 4 52 67 68 34
3 577 405 244 96 23 33 6 113
2 12803 3167 283
2 28340 12768 201
1 2633 1295 110 128 120 48 36 23 126
1 5828 3508 8 108 23 67 35 68 108
2 5908 5253 83
1 6799 6637 0 227 123 24 14 84 106
1 25035 16708 110 222 33 56 28 67 68
1 14906 7375 110 116 93 72 95 56 52
1 31989 18106 33 147 3 13 17 54 67
1 3421 1286 16 182 34 31 54 48 34
2 23626 18987 206
2 4426 3957 140
1 26211 112 33 47 27 38 36 26 60
3 15996 13639 110 8 -2 133 25 85
1 20658 5209 0 211 135 71 61 23 60
1 16560 14815 244 282 19 23 17 27 96
1 17539 3714 3 72 106 14 76 26 49
1 26768 683 0 69 5 -12 121 42 79
1 11528 9259 110 293 18 72 13 63 72
1 20533 16908 8 24 52 35 104 34 116
1 19867 1929 8 39 -10 45 76 51 66
2 13972 9391 267
1 22109 7312 -1 6 140 96 132 21 77
1 11353 3760 16 74 64 51 94 49 62
2 31244 25443 211
2 4846 4531 279
1 12169 744 8 191 61 3 126 64 52
1 7263 5683 33 44 6 15 41 54 57
2 25756 9355 64
1 7066 1111 110 153 10 35 71 36 61
1 21423 8369 0 180 68 76 32 55 113
1 12208 9152 26 96 126 5 142 22 72
3 31902 29078 3 87 1 140 17 48
1 4241 1471 0 183 27 -2 109 59 48
2 7547 3022 288
2 21608 6692 289
3 21395 19898 110 111 40 35 67 100
1 12661 4322 110 194 -10 24 135 15 41
1 7867 1131 33 247 -3 72 43 74 35
2 1628 32 182
1 14413 5979 0 90 48 34 47 44 93
1 17007 2835 56 202 6 27 16 35 44
1 29915 3696 -1 17 28 40 54 105 119
2 6415 2591 236
1 12348 10557 33 40 50 -9 31 24 77
1 31946 1453 -1 5 46 61 25 44 124
1 18573 11875 110 256 -4 38 48 19 49
1 23020 15541 33 62 24 73 44 73 96
3 27914 27505 0 132 48 136 51 58
1 22776 8869 244 277 40 -1 120 28 53
5 26485 25216 108 26
1 9206 6618 0 173 83 45 141 63 66
5 12530 654 49 54
1 19385 17284 26 166 30 -3 148 24 113
2 31296 27106 248
1 896 738 0 104 108 61 118 40 84
5 9653 5369 139 33
1 2642 825 110 223 38 16 26 39 62
2 32526 1821 253
1 31666 10575 110 290 38 71 20 59 118
1 20520 5124 0 120 -9 26 110 72 100
1 8914 8224 8 204 2 28 70 75 113
1 27943 14262 0 133 44 47 123 69 40
1 28640 5264 110 179 -2 31 19 85 50
1 2171 1313 56 264 9 3 18 42 66
5 19081 10993 145 88
1 10779 8461 110 209 2 73 77 29 92
1 14901 11950 0 86 42 28 75 57 94
1 4040 1266 -1 1 146 89 104 21 71
3 17434 9918 33 43 79 61 60 78
2 4257 640 94
2 6965 4716 156
1 31813 28476 0 45 4 2 111 76 80
1 10401 5734 -1 14 115 18 43 17 113
4 32533 1989 33
2 19086 13269 194
1 5977 5619 110 281 -3 68 36 41 107
2 4163 2911 277
1 207 105 33 117 44 81 33 90 69
1 29117 9410 0 203 28 8 68 79 48
3 6641 1186 0 88 30 30 69 54
1 30655 17467 0 190 43 72 58 30 121
1 20197 11650 110 136 118 66 45 24 124
1 25362 24915 0 260 58 -6 119 40 96
1 14239 5273 8 284 -13 69 46 64 40
2 11499 8489 203
2 16794 13025 173
3 32135 11234 0 17 18 68 76 102
2 20718 7049 230
1 5006 1427 0 297 141 58 94 69 76
1 3121 666 33 51 46 -9 48 79 88
2 8111 6304 165
1 28721 14800 0 154 -8 7 60 35 94
2 5161 3525 220
1 1140 991 56 205 4 -5 11 37 76
1 2286 862 -1 10 133 100 29 64 104
1 32161 15804 0 67 -19 64 29 49 36
1 21144 15130 101 189 25 59 44 62 64
1 20015 480 0 138 -20 -12 30 36 35
1 28900 7690 33 43 25 54 42 78 79
2 31109 19467 147
1 14801 1490 87 105 -2 38 15 67 36
1 9489 2717 0 187 96 75 34 55 41
2 28376 26336 240
2 32544 9032 103
1 5346 3362 244 286 124 17 135 10 72
1 4482 3416 3 25 90 1 68 13 114
1 27871 9158 0 106 105 15 15 30 55
2 1597 389 98
1 6706 4963 0 38 54 33 27 40 114
1 22233 4084 33 174 43 21 43 67 75
1 11589 2857 0 235 110 5 108 67 55
1 25355 17836 110 135 -25 49 136 72 37
2 15369 3016 205
2 4559 4191 95
1 16174 7166 0 58 23 46 149 48 77
2 30763 15380 105
2 25170 20958 86
2 6963 3063 82
1 9853 6185 0 181 81 -15 107 18 120
2 20232 2410 2
1 29088 13570 101 233 10 -10 14 25 76
1 736 290 0 199 110 24 47 13 61
1 15093 7543 8 118 65 53 59 38 96
2 2663 695 51
2 17264 1293 45
1 14061 8562 0 143 31 80 142 33 105
2 670 233 15
1 26431 3778 8 266 40 16 103 48 125
2 29614 6397 208
1 11043 10850 244 268 112 17 60 10 58
1 2923 750 0 239 -25 -16 137 66 111
2 16330 1006 227
2 10106 8480 286
2 5300 881 4
1 2073 1809 33 132 10 31 37 22 101
2 17628 16689 281
2 12587 3573 120
1 3625 1785 56 212 8 21 19 13 47
1 13402 8099 110 151 10 31 82 34 94
2 24948 17811 109
1 13716 12195 26 28 56 10 81 20 101
1 14237 9228 110 200 14 47 135 56 37
2 17459 766 48
1 31888 30055 8 121 84 -4 115 30 122
1 13959 2264 0 250 37 23 66 59 40
1 10025 755 8 71 18 71 33 68 97
2 25251 20651 200
2 3398 1219 214
3 9880 1005 0 106 2 122 44 51
1 3255 830 110 237 109 -5 21 24 117
2 21609 19806 121
2 27025 2898 175
2 29206 8491 72
2 6780 4833 20
2 19862 10695 183
1 6358 1487 110 146 27 26 21 11 115
2 3357 1446 74
1 25375 1004 0 134 93 66 55 36 97
1 27077 15702 110 259 19 74 14 81 72
2 6206 279 25
2 28738 17205 177
1 32218 11255 110 219 90 2 123 34 45
1 5212 5025 33 225 49 21 15 18 41
1 21098 10332 0 186 100 37 77 79 83
1 5425 3150 33 61 6 60 61 10 92
2 4341 657 225
1 24715 18760 3 157 111 9 86 13 106
2 15253 12413 260
2 21958 17082 264
2 11058 7128 243
1 3363 1428 110 215 84 71 59 85 59
2 5661 2169 297
2 11901 8019 5
1 19561 11605 56 195 4 11 19 29 38
1 31404 8660 0 197 13 23 11 87 93
2 24638 10708 151
2 1322 596 181
2 24944 22810 197
1 18354 18180 26 115 110 14 72 13 73
2 20256 17322 237
2 18410 7809 186
1 14141 2741 3 185 -11 13 69 23 84
2 1887 1089 67
2 31508 14891 87
2 30809 14838 71
1 10575 5343 26 37 -14 3 18 29 60
1 17999 15971 0 123 135 2 149 39 58
1 8474 3684 33 46 46 -9 58 75 82
2 30469 320 44
2 3914 682 185
1 20895 1929 110 161 56 72 96 35 91
2 7592 4966 23
2 8995 7669 115