6

10
1 275 10000 0 0
1 194 275   0 0
1 879 194   574 574
1 523 275   510 1084
2 523 194 1084
3 275 2168
1 701 275 37 2205
3 275 4410
4 194 1084
5 523 510


45
1 9567 10000 0 0
4 9567 0
5 9567 0
1 195 10000 134 134
1 9282 10000 0 134
1 958 9282 291 291
4 9282 291
1 3319 9282 735 1026
3 9282 1798
4 9282 1026
4 9282 1026
1 5356 9282 499 1525
1 4586 9282 0 1525
3 9282 2767
3 4586 0
4 4586 0
1 9289 9282 707 3474
5 9282 3474
4 10000 134
1 2743 10000 333 467
1 5177 10000 0 467
5 2743 333
4 195 134
1 5099 5177 240 240
1 8235 5177 679 919
1 7230 5177 435 1354
3 5177 2470
1 6161 5177 0 2470
1 2113 5177 90 2560
1 1758 5177 0 2560
1 8492 5177 0 2560
3 5099 1150
1 6905 5177 853 3951
1 1930 5177 245 4196
2 5099 6161 1150
1 818 6161 817 1967
2 8492 1758 0
1 4018 5177 512 5525
1 6002 5177 536 6061
3 1758 0
1 6524 6161 0 1967
3 6524 0
1 7289 5177 562 6623
5 5099 1150
2 6524 1758 0


15
1 10001 10000 0 0
1 10002 10000 300 300
1 10003 10000 0 300
1 20001 10001 200 200
1 20002 10001 100 300
1 30001 10003 0 0
1 40001 30001 240 240
2 20002 30001 340
2 10001 10003 540
3 10002 510
3 10003 1326
4 10001 200
4 20002 100
5 10002 510
5 10001 200
10
1 275 10000 0 0
1 194 275 0 0
1 879 194 574 574
1 523 194 510 1084
4 194 1084
3 275 2168
1 701 275 36 2204
4 194 1084
1 837 194 0 1084
5 879 574

123
1 15484 10000 0 0
3 15484 0
1 71463 15484 551 551
4 15484 551
3 15484 1102
1 15058 15484 497 1599
1 43929 15484 0 1599
1 57679 43929 989 989
1 11456 15484 0 2588
1 30652 11456 0 0
1 64818 15484 510 3098
1 93573 43929 0 989
1 68182 11456 0 0
1 40666 93573 582 582
1 90128 68182 799 799
2 43929 11456 2370
3 93573 1328
1 1289 43929 460 2777
1 77649 11456 0 3576
1 51838 68182 690 1489
3 90128 1595
1 91860 77649 0 0
1 61469 93573 22 1350
2 30652 68182 2285
1 76322 15484 0 7193
1 784 30652 0 0
4 30652 0
3 784 0
1 45838 11456 0 5084
1 65429 68182 364 2649
1 79823 76322 952 952
1 78640 11456 229 5677
3 76322 1680
2 65429 77649 364
1 36915 45838 0 0
2 15058 36915 497
1 64740 15484 152 9618
4 78640 229
1 88208 36915 699 1196
3 91860 0
1 58282 11456 0 6873
4 57679 989
1 80373 58282 367 367
1 26600 45838 856 2052
1 43320 91860 0 0
1 43138 784 0 0
2 43138 43929 2799
1 14967 11456 339 8435
1 26454 784 7 7
1 79407 77649 537 901
3 11456 18774
4 79407 537
1 20520 43320 614 614
4 26454 7
1 73712 43929 770 6181
1 99852 43929 291 6472
4 784 7
1 24206 77649 178 2346
1 69770 30652 314 321
4 30652 321
3 36915 4424
1 40295 68182 945 4857
1 41041 45838 912 6845
1 7826 45838 0 6845
1 21356 91860 364 978
3 76322 2688
4 93573 604
4 69770 314
1 7493 58282 551 1571
1 56472 58282 0 1571
1 17037 56472 861 861
4 36915 1196
4 73712 770
2 26454 56472 868
1 71761 77649 361 3071
4 76322 952
4 36915 1196
1 78564 77649 503 3574
1 5118 15484 848 24338
1 81917 68182 236 5086
2 58282 45838 6056
4 77649 2921
4 21356 364
1 47200 45838 778 6834
2 36915 43320 1810
3 93573 2056
1 88720 30652 721 1035
2 88208 43929 6571
4 43929 3813
1 15436 36915 0 497
1 18614 77649 996 4414
1 18880 76322 0 952
3 40295 1642
2 58282 15436 2439
2 58282 18880 2439
1 22498 18880 257 2696
3 15436 0
3 77649 10750
1 97097 30652 435 1470
1 46875 56472 144 1012
2 15436 43320 2519
2 68182 36915 8140
4 68182 4140
2 784 36915 5341
1 74681 68182 101 4241
1 32043 7826 625 625
1 4808 43929 589 4402
1 68598 11456 728 25819
5 56472 1012
4 15436 0
4 15484 21712
1 75904 76322 789 2916
3 77649 17971
1 92296 18880 532 1707
4 75904 789
3 68182 14785
4 93573 604
1 95430 45838 0 3171
1 28362 11456 292 33292
1 64511 43138 0 0
1 24932 45838 417 3588
1 24491 15484 0 39218
1 91885 15436 464 464
967
1 67286 10000 991 991
1 88741 10000 721 1712
1 33049 10000 0 1712
4 33049 0
3 33049 0
1 91614 33049 746 746
1 95733 33049 400 1146
1 94326 33049 0 1146
1 32039 94326 337 337
1 66843 33049 0 1483
1 20746 94326 447 784
5 88741 721
1 61928 94326 0 784
1 49370 33049 37 1967
1 55533 61928 395 395
4 55533 395
1 5055 94326 785 1964
1 97628 33049 175 3322
1 42983 61928 0 395
1 11007 61928 0 395
1 62424 66843 537 537
1 94354 11007 0 0
1 57289 33049 566 4425
1 20205 42983 694 694
1 93849 61928 0 1089
1 17590 33049 991 6110
1 64282 94354 0 0
4 20746 447
1 3118 94354 0 0
1 90007 11007 160 160
1 87821 94354 0 0
1 58037 93849 0 0
4 90007 160
1 21830 87821 285 285
1 57233 11007 88 533
1 60910 93849 290 290
2 17590 42983 1685
1 55625 42983 373 2058
4 87821 285
1 98008 58037 869 869
1 44078 87821 0 285
1 84438 94326 0 5714
1 96269 94354 426 711
1 4975 3118 51 51
1 71397 33049 707 9359
1 5440 93849 413 1572
1 62053 94326 600 7204
3 57289 1039
1 68324 3118 0 51
1 64298 94354 0 762
1 11563 94354 472 1234
1 34279 94326 0 7676
1 70740 42983 303 2361
1 92425 61928 509 6319
3 61928 13594
1 7561 34279 299 299
2 7561 93849 3326
1 97558 58037 714 2068
2 34279 68324 0
1 23744 84438 634 634
1 37446 66843 33 570
1 39166 84438 98 732
1 92650 68324 936 936
4 94354 2170
2 64282 68324 936
2 93849 34279 4040
4 7561 299
1 11850 93849 233 4273
1 58570 58037 0 2068
1 71638 94354 117 6560
1 52401 58037 0 2068
1 23647 64298 767 767
1 86688 68324 905 6114
1 62597 64282 398 398
1 71072 61928 807 16830
1 25451 68324 678 7190
1 77890 34279 46 4319
1 44857 58037 671 2739
1 39713 94354 642 10667
2 39166 87821 383
1 23910 61928 118 19083
1 12483 68324 0 7907
1 19289 33049 67 25627
1 13859 12483 149 149
1 31630 58570 947 947
1 13336 84438 0 634
1 88652 64298 417 1184
3 68324 17207
3 91614 1502
1 63699 42983 582 4883
1 14015 84438 260 894
3 64282 1742
4 94354 10823
1 86678 94354 2 10825
1 86361 87821 0 383
1 97502 94354 785 11610
1 50203 94326 437 24010
4 61928 16630
1 88725 52401 302 302
1 49527 61928 0 16932
2 93849 3118 7901
4 42983 2943
1 42833 93849 853 5591
1 60786 44078 524 524
1 97480 49527 304 304
1 31141 61928 961 19574
1 50525 64282 286 684
4 86361 0
1 9028 34279 666 712
1 90847 3118 651 10357
1 56907 34279 156 868
2 87821 49527 1211
1 51014 44078 161 685
1 12801 12483 652 801
1 71494 58570 853 1800
1 94562 44078 580 1265
3 66843 1556
1 3500 52401 837 1139
1 13347 61928 977 25393
1 32411 49527 783 2735
3 64282 1730
1 54513 64298 926 2110
4 94354 17409
5 70740 303
1 94598 64298 458 2568
1 84705 66843 737 2293
1 17069 52401 354 1493
1 81585 87821 672 2320
1 8656 44078 467 1732
2 84438 12483 1695
3 61928 60558
4 55625 373
4 97502 785
2 42983 58570 7105
3 42983 7983
3 32039 1324
4 87821 2787
1 48438 13336 37 37
1 87443 68324 558 12757
2 71072 58037 19134
1 61990 86361 33 33
3 66843 5056
1 95204 68324 0 12757
2 92650 87821 4289
1 98393 95204 760 760
1 58099 58570 794 11643
1 8939 3118 301 38798
2 34279 49527 8909
1 25304 58037 471 20399
4 52401 1493
1 14862 42983 7 7990
4 86688 905
1 62214 64282 822 2572
3 86361 933
4 58570 5241
3 61928 111458
4 37446 33
2 95733 52401 4392
1 21706 3118 538 60016
3 95204 3070
1 8693 58037 248 26374
1 97638 58570 150 12055
1 97259 84438 827 5323
1 52264 49527 0 21471
1 23492 64282 537 5608
1 50763 52401 500 4892
2 3118 66843 67397
3 52401 12072
1 14036 94354 0 18139
2 68324 86361 24473
4 64282 2043
1 82515 94354 32 18171
1 17786 66843 375 52245
4 49527 13214
4 94598 458
1 27990 12483 787 3346
1 76859 52401 276 12348
2 13347 94326 47169
1 20873 64282 698 2741
1 4190 44078 795 2527
1 71145 95204 649 1409
4 32039 337
2 60910 12483 5002
1 83212 94326 506 50486
1 11587 64298 141 6807
1 84229 14036 116 116
2 52264 66843 50865
4 60910 290
1 5070 66843 95 50960
1 48813 93849 3 41745
1 63704 34279 578 1446
4 84438 1758
4 12483 3636
1 21503 52264 153 153
3 44857 3062
4 58570 5391
1 19168 58570 751 6142
1 73709 84438 158 1916
1 6160 33049 93 99961
1 10633 64298 287 7094
1 1697 86361 889 11007
1 24398 86361 515 11522
5 10633 287
1 37949 52264 591 744
4 52401 2669
2 3118 33049 92277
2 44078 84438 4443
4 12483 6321
1 48653 87821 301 16341
2 67286 12483 7312
4 32039 337
1 76714 52401 180 2849
4 63704 578
1 17696 13336 143 180
2 66843 3118 37320
1 11947 64298 0 6807
4 88652 417
2 88725 3118 37320
4 93849 14270
3 61928 88080
2 86361 94354 60741
1 6859 34279 0 4290
1 3398 52401 14 2561
1 99148 49527 543 13189
1 29891 58037 500 12983
3 58570 16812
3 13336 3922
1 24940 66843 260 5116
1 85841 33049 312 136308
4 71638 117
3 82515 1890
1 49194 94326 269 95737
1 44482 49527 746 13935
1 16293 61928 333 91092
1 78810 42983 453 8435
1 43677 52264 26 770
1 23296 33049 614 137819
4 73709 158
1 95375 11007 594 66416
1 53389 42983 0 8435
1 2060 52264 358 1128
1 45110 68324 588 34429
5 95733 400
1 78266 94354 655 62663
4 49527 6114
4 6859 0
4 52264 1128
3 95204 4911
4 50203 437
1 29757 64282 261 6557
1 99699 52264 180 1308
1 6929 13336 757 4679
4 44078 2527
4 29891 500
1 29585 84438 925 12143
3 93849 54884
2 3398 12483 19594
1 5086 58037 73 47064
5 12483 19594
1 76496 34279 905 2351
1 96631 87821 398 2690
2 53389 52264 1308
3 97502 3582
1 18511 58570 454 28862
3 64298 15281
5 24398 1226
2 94354 66843 56556
2 71494 64282 9490
4 11947 0
5 93849 51451
4 86361 8915
1 12901 64282 828 4683
4 23492 537
4 64282 4683
1 96657 64282 384 5067
1 40940 49527 699 8116
1 74556 86361 748 10875
3 14036 1817
4 3118 22019
3 66843 47223
4 71494 853
2 23910 86361 23763
1 85842 68324 687 18698
1 54907 3118 199 51518
2 71638 87821 3436
1 98710 64282 0 10099
1 25244 86361 661 25111
1 9622 95204 959 3626
1 10057 94354 254 40340
4 6859 0
4 6859 0
1 22224 6859 0 0
4 63704 578
2 11007 22224 4996
1 51426 11007 889 5885
1 78233 34279 944 9180
1 88898 94326 322 30166
1 18749 6859 591 6476
1 9295 33049 948 88897
2 99699 95204 4435
4 86361 13480
1 79528 87821 915 4351
1 72784 94354 125 27875
4 11947 0
2 5055 6859 7261
4 90007 160
2 3118 11007 43180
2 87821 64298 10205
5 25244 661
2 86688 94326 68306
3 92650 1674
3 14036 1490
1 77261 53389 0 0
5 97480 304
3 14036 2247
4 87821 3722
1 12581 64282 181 5248
4 8939 301
2 98710 33049 74550
3 71145 1394
1 81180 94354 546 33005
3 31141 3788
3 53389 0
1 15114 6859 223 49909
1 49141 52264 405 4049
2 55533 94354 35477
3 62053 1349
1 17353 53389 378 378
5 45110 588
2 77261 87821 3722
4 6859 31708
3 86361 23099
1 72173 52264 529 2440
1 58296 64282 443 11211
2 64282 86361 23542
3 9622 2172
4 64298 6431
4 66843 27308
5 49527 38746
2 98710 61928 6707
1 16049 61928 0 6707
4 32039 337
1 18112 16049 414 414
1 35172 98710 371 371
1 34782 33049 25 19926
1 59949 98710 758 1129
1 96654 61928 0 8250
4 16049 414
1 18735 98710 0 1129
2 16049 98710 1543
1 54392 98710 0 1543
2 54392 96654 0
1 55302 98710 82 1625
1 66723 98710 0 1625
1 84840 98710 611 2236
1 76195 98710 0 2236
1 98431 98710 951 3187
2 88898 16049 736
2 18112 98710 3509
1 35570 33049 561 22889
1 75431 33049 857 23746
1 53466 98710 0 3509
4 96654 0
1 27994 98710 0 3509
1 4270 96654 517 517
1 24931 98710 210 3719
1 74830 27994 278 278
1 49754 16049 300 622
3 98710 11447
1 79445 16049 408 2460
1 63130 98710 931 12786
1 54236 98710 295 13081
1 50311 16049 0 2460
1 28089 98710 899 13980
1 9856 98710 370 14350
1 80850 98710 884 15234
4 83212 506
1 18889 16049 198 2658
1 77039 98710 0 15432
1 73751 98710 0 15432
1 25139 54392 18 18
3 50311 0
1 80161 73751 62 62
1 8620 98710 199 15693
1 16034 98710 347 16040
1 21433 98710 786 16826
1 24305 16049 646 3304
1 7773 98710 910 18382
1 68615 76195 98 98
1 13701 98710 66 18546
2 98710 54392 18564
1 72869 98710 212 18758
1 65022 98710 133 18891
1 47211 98710 770 19661
1 19884 94326 716 34212
1 70187 76195 683 781
1 47926 33049 0 41832
1 59505 98710 32 20376
3 16049 6974
1 51643 18735 158 158
1 77565 98710 185 24389
2 6160 16049 7067
1 48052 94326 481 39514
1 37934 98710 249 24731
1 51783 16049 320 7387
3 98710 51511
1 19697 98710 239 51750
1 63143 98710 438 52188
1 22719 98710 925 53113
1 63854 98710 0 53113
1 58565 98710 502 53615
1 55333 98710 261 53876
1 58568 98710 324 54200
1 80274 98710 591 54791
1 3138 98710 916 55707
1 30187 98710 534 56241
1 7836 98710 0 56241
1 33769 98710 539 56780
1 11281 33049 561 79217
1 2368 98710 593 57373
2 63854 47926 0
1 24348 7836 133 133
1 62726 50311 412 412
1 27189 16049 0 13091
1 43419 98710 984 58902
2 27189 98710 58902
4 54392 21640
1 20200 27994 778 1056
1 22345 98710 995 23395
2 86688 98710 24300
4 98710 24300
2 18735 33049 45832
3 98710 53722
1 24748 98710 571 54293
5 55302 662
1 4264 96654 307 54473
3 98710 101826
1 25396 27994 64 4170
1 60522 98710 443 102333
2 88898 98710 102333
1 78227 98710 294 102627
1 25936 47926 662 662
4 16049 2377
2 51643 98710 92110
2 77039 61928 99659
3 98710 167130
1 23034 98710 676 167806
1 64800 98710 779 168585
4 98710 27045
4 50311 412
1 8053 98710 165 27210
1 14336 98710 0 27210
1 98646 61928 816 35575
1 47485 54392 233 27461
1 26825 98710 200 27410
1 41958 98710 0 27410
1 91936 98710 498 27908
4 53466 0
1 2412 98710 248 28156
2 19289 98710 28223
2 98710 63854 28223
2 83212 98710 28729
2 26825 18735 200
4 96654 1075
1 4674 98710 201 28730
1 84876 54392 891 1142
1 13464 66723 898 898
1 10344 98710 564 30192
1 30622 77039 983 983
2 88898 18735 522
3 7836 702
1 83458 98710 728 31167
1 66148 98710 0 31167
1 2445 98710 508 31675
1 39101 98710 402 32077
1 99504 98710 760 32837
1 89033 66148 0 0
4 27994 1120
3 27994 2848
2 61928 27994 13320
5 14336 0
5 62053 1349
2 96654 7836 2668
2 49370 98710 45074
1 74081 98710 509 45583
1 96021 16049 902 3279
5 31141 3788
2 16049 27994 10845
1 83061 98710 212 42909
2 80161 98710 42909
1 49388 98710 60 42969
1 77350 98710 809 43778
1 3899 27189 44 44
1 20257 76195 940 1721
3 39101 951
1 9177 73751 796 796
2 85841 54392 1454
1 1376 33049 935 60557
2 71397 16049 3986
1 16788 27994 443 11995
2 96654 98710 47569
3 83212 1065
3 98710 98324
1 24987 41958 424 424
1 72370 98710 300 99048
4 88898 322
4 98710 43370
1 20869 98710 732 44102
4 98710 44102
1 65076 94326 329 5359
1 75263 98710 592 44694
1 11293 98710 574 45268
4 2412 248
3 98710 93490
1 92310 98710 604 94094
3 63854 182349
1 84624 16049 869 17833
2 85841 76195 7801
2 25936 7836 2237
3 98710 347131
1 87960 77039 513 4621
3 98710 647230
1 50747 66148 155 155
4 98710 48071
4 41958 424
1 61920 50311 10 422
4 18735 522
4 39101 402
2 76195 61928 5187
4 33049 58584
3 47926 96881
1 72239 53466 0 0
4 54392 1142
3 71397 2077
1 97685 27994 236 24445
1 95449 98710 0 96535
2 7773 27189 1930
4 61928 5187
4 98710 48317
1 81247 98710 431 48748
1 18940 98710 949 49697
1 13181 41958 75 499
2 13347 98710 50749
1 86097 98710 303 51052
1 61335 66723 958 1856
4 98710 52010
1 73949 98710 905 52915
1 77004 98710 320 53235
1 48434 98710 396 53631
3 73751 1285
2 96021 41958 1401
1 85923 98710 822 54942
3 13347 1472
1 19351 41958 532 1933
4 66148 155
1 49726 98710 587 56556
1 25631 53466 857 857
1 22018 18735 884 1406
4 18735 1406
4 98710 56429
3 85841 810
1 9522 66148 531 686
2 98710 47926 57458
5 83212 506
2 76195 98710 56952
1 25990 41958 593 2526
4 98710 57047
1 12189 98710 82 57129
4 98710 57129
3 33049 134995
1 11066 16049 514 9437
1 23040 98710 742 115921
1 55938 72239 659 659
1 29166 94326 914 7402
3 77039 4456
4 6160 93
1 25709 98710 0 118052
1 80639 33049 582 139878
3 98710 236100
3 54392 11093
1 96433 98710 52 241639
3 98710 464239
3 98710 874879
1 37777 73751 232 7793
3 98710 1634023
1 45396 98710 636 1634659
1 13422 73751 405 20742
3 88898 12244
3 13347 25519
2 53466 89033 27094
2 61928 76195 124488
1 67320 98710 82 1646651
1 39309 98710 325 1646976
1 94070 98710 247 1647223
4 84624 869
1 19080 16049 97 133952
4 94326 3930
1 6509 50311 394 26890
2 74830 47926 1634677
1 21168 54392 640 46380
1 36633 98710 975 1622977
2 98710 63854 1622977
1 82045 94326 159 4089
2 4264 98710 1622977
3 6160 23524
2 19884 16049 145952
1 66481 47926 315 1648213
1 72393 47926 648 1648861
1 29747 98710 458 1635041
1 59092 98710 951 1635992
1 5061 18735 0 14320
2 54392 94326 49753
1 17017 98710 985 1590597
3 66723 49200
1 92897 98710 904 1612771
2 57289 5061 1062
1 11210 61928 818 71125
1 73316 61928 375 71500
1 35754 18735 284 15666
1 60192 47926 703 1628945
5 92425 13546
1 42699 89033 892 27986
1 19025 98710 370 1601680
2 72239 98710 1601680
2 66148 72239 54746
1 48381 98710 323 1602003
4 98710 67352
4 98710 67352
2 89033 63854 67352
3 98710 192059
1 90998 61928 349 9935
1 23111 98710 552 192960
1 38361 98710 892 193852
1 31079 16049 399 19495
3 6160 2748
1 85680 98710 70 196018
1 98118 66148 10 2612
4 98710 67875
4 6509 394
3 88898 13182
1 69458 18735 73 16677
3 50311 3630
3 7836 2705
4 98710 67875
2 98710 47926 84605
1 66679 98710 430 68305
1 766 25709 0 0
1 3695 98710 260 68565
1 68844 98710 512 69077
1 50202 47926 24 85831
3 91614 2166
4 6160 93
1 72873 66723 762 2618
1 89763 98710 129 69968
3 47926 225322
1 95245 47926 891 226213
2 98710 94326 251853
1 71821 61928 354 11009
2 16049 41958 27089
2 63854 98710 206051
1 40250 98710 162 206213
4 98710 72233
1 41575 73751 408 1841
3 54392 50136
1 20125 98710 242 72883
1 30978 77039 507 2003
4 41958 8609
4 34782 25
3 47926 26222
1 23778 27189 908 1862
1 40730 27189 753 2615
1 68311 98710 824 75875
1 50823 98710 480 76355
4 72239 1355
1 15467 98710 520 76875
1 68613 98710 917 77792
4 98710 77792
2 766 98710 77792
2 91614 41958 10775
1 65299 16049 304 6387
2 98710 33049 185400
2 50311 98710 80262
1 70282 27189 495 3110
4 19351 532
2 61928 98710 80757
4 39101 402
1 91280 27994 45 1566
4 18112 414
1 82668 98710 543 81345
2 66148 98710 81345
1 64891 98710 803 82148
1 78592 16049 697 6268
1 52716 18735 697 17374
2 27994 7836 2361
5 88898 13182
2 70282 98710 82845
4 98710 81425
1 78796 72239 895 1554
1 37143 98710 938 83258
1 57326 41958 691 10231
1 72876 98710 901 84850
1 65288 98710 851 85701
1 13206 16049 461 6729
2 27189 16049 9344
1 10898 72239 451 2005
1 94221 98710 739 87352
1 5390 50311 21 837
4 98710 87373
5 10344 564
1 88351 98710 664 87473
1 3764 77039 815 2818
1 15667 16049 446 9790
1 3784 66148 875 1571
3 98710 242909
3 13347 3466
2 89033 33049 337175
3 76195 12021
1 94892 98710 307 247812
1 10401 66148 175 5250
1 41192 98710 283 248270
2 9295 98710 249714
1 4057 98710 899 250613
1 39447 96654 309 1702
1 5823 18735 134 4326
3 98710 540007
1 3474 98710 680 540687
1 2589 66148 220 13545
1 73832 50311 967 11768
1 76143 98710 432 542306
5 13347 5081
5 37934 2740
3 41575 5812
3 98710 1067185
4 18735 2838
3 98710 2039517
4 72239 2005
1 74811 89033 848 4349
1 38205 25709 0 0
1 158 96654 50 21580
1 83703 89033 849 5198
1 92825 61928 894 114657
1 76720 98710 644 2008735
1 77647 54392 435 50571
2 66723 5061 35554
3 98710 3689265
4 63854 0
1 9869 98710 142 3689407
1 49018 94326 267 54211
1 63415 98710 343 3689750
1 14126 766 720 720
1 7165 66148 686 120893
2 30187 25709 20802
4 23296 614
3 766 17554
1 54006 98710 98 3708088
3 62726 37514
3 98710 6869810
2 54392 18735 88397
3 98710 12580382
3 9295 124194
3 98710 23050642
2 98710 89033 23055840
4 98710 92813
1 43893 27189 810 3425
4 20200 778
3 98710 276322
1 79443 16049 559 31676
2 24348 98710 276881
1 21286 98710 986 277867
2 9295 7836 10015
2 94326 98710 281507
3 6160 2836
1 13353 98710 815 284088
1 30582 38205 1000 1000
4 71397 707
3 95449 0
2 41958 61928 60771
4 73751 1841
4 91936 498
4 98710 100623
2 16049 89033 105821
3 98710 263014
1 25551 98710 979 263993
1 76056 98710 187 264180
1 96174 98710 847 265027
3 61928 58978
2 5061 38205 37529
2 16049 41958 33889
4 35754 284
2 6160 61928 70137
2 85841 98710 342448
1 64857 98710 644 343092
1 78568 98710 327 343419
2 41958 7836 43797
4 41958 15029
1 94115 27189 108 3533
3 98710 689950
3 94326 57469
1 32079 16049 800 50232
1 90426 98710 220 720373
1 22769 766 900 4334
5 76056 1926
4 86688 905
4 18735 4489
1 2431 98710 576 717209
3 98710 1386029
4 98710 109208
1 81159 89033 462 114868
1 73985 98710 393 109601
1 3774 98710 195 109796
2 47926 98710 136018
3 98710 273922
1 10429 98710 239 274161
3 16049 53535
2 86688 41958 63395
1 8295 66148 974 7994
1 92946 63854 297 297
4 66148 3626
1 99864 98710 17 298290
3 76195 7388
4 29747 458
4 98710 114182
1 32003 27994 117 1683
3 98710 232723
2 2431 72239 4677
1 21517 98710 726 233449
1 31373 98710 595 234044
1 18533 98710 342 234386
1 39268 27994 228 5055
1 44614 98710 741 235355
5 41958 33086
3 98710 397869
1 92923 5061 230 9422
2 25709 66148 29602
3 98710 768743
2 16293 98710 768743
1 91598 98710 878 769621
1 31588 96654 321 11235
1 81739 73751 324 15549
1 50610 50311 735 19269
3 27994 48889
3 98710 1521806
2 23040 76195 30027
1 32419 98710 659 1522465
2 76195 50311 70566
4 98710 103236
4 66723 2618
2 50747 98710 103236
1 23755 72239 0 2581
2 7836 63854 3818
2 50311 66148 13421
3 6160 615
1 79159 18735 833 5322
2 72869 89033 109418
1 31751 72239 344 2925
1 19083 98710 870 104760
1 3351 98710 16 104776
1 29452 98710 14 104790
1 31693 98710 107 104897
1 81393 47926 914 3773
1 83501 5061 782 4196
4 9295 948
2 83458 61928 7767
1 90473 89033 88 112553
4 98710 106071
2 73751 95449 2165
1 33856 98710 89 106160
1 76712 23755 42 42
1 39389 27994 0 1911
1 37353 98710 900 107102
3 4057 1416
4 61928 7245
4 14126 720
5 158 50
3 96654 2710
3 66148 27378
1 49166 66148 68 27446
1 3583 98710 502 122877
3 9295 1528
3 23755 624
5 76712 624
4 33049 121420
1 39444 96654 385 1532
3 73751 4670
1 83971 72239 397 3322
1 69569 98710 263 111130
1 46544 61928 536 7781
3 98710 223356
3 25709 17522
1 9105 98710 364 231432
2 96654 766 6212
5 16293 843
1 73685 96654 848 4420
1 19912 98710 754 232191
1 39077 98710 38 232229
1 75467 7836 489 8600
1 42435 63854 555 9962
1 11995 96654 524 4944
2 53466 98710 234654
1 39940 98710 2 234656
4 98710 113259
2 19289 66148 14338
1 82289 98710 755 114014
1 85809 98710 868 114882
1 21342 98710 414 115296
4 98710 115296
1 61657 98710 0 115296
4 98710 115296
2 77039 766 7342
4 94326 3640
2 32039 66148 14675
1 34565 50311 819 5821
1 40725 98710 84 116199
1 47179 766 121 7463
1 51931 66148 378 15872
2 66723 98710 116698
1 60850 98710 712 117410
5 74830 278
4 98710 117132
2 39389 98710 117132
1 35714 89033 519 121002
1 91694 98710 632 117764
1 44840 33049 814 132080
3 98710 235734
3 98710 458984
2 90998 76195 10072
4 98710 117764
1 46244 50311 542 6712
4 40250 162
1 68999 95449 740 2905
1 52967 66148 412 14557
3 98710 238934
1 72113 66723 108 4232
1 31175 98710 23 239065
2 46244 98710 239065
2 94326 23755 7319
1 80800 50311 855 13049
3 98710 467665
1 64414 76195 677 10724
1 52712 33049 235 482893
4 63854 4862
1 27527 47926 990 13167
3 72239 50893
2 6160 73751 10940
1 15184 98710 581 476559
3 98710 915271
1 64048 98710 869 916140
2 6160 98710 916140
1 24929 61928 230 27466
1 73166 25709 545 19882
1 34767 66148 176 114914
2 9295 98710 917091
1 3536 89033 554 921515
1 26953 98710 516 917607
4 68615 98
3 94326 69631
2 96654 98710 941010
2 9869 95449 25762
3 98710 1794084
1 20808 98710 545 1794629
3 66723 54760
1 31843 98710 485 1820966
3 66723 80896
3 33049 3724394
4 98710 126058
1 97368 98710 611 126669
1 91004 7836 335 3397
